76,3
76,2
76,1
76,0
0,278
79,1
79,3
10,298
10,148
10,186
10,116
10,178
10,272
10,222
10,124
9,4
9,6
8,12
20,3
20,2
20,1
19,3
19,2
19,1
12,3
12,2
12,1
11,30
11,29
11,28
11,27
11,26
11,25
11,24
11,23
11,22
11,21
11,20
11,19
11,18
11,17
11,16
11,15
11,13
11,12
11,11
11,10
11,9
11,8
11,7
11,6
11,5
11,4
11,3
11,2
11,1
10,315
10,314
10,313
10,310
10,295
10,288
10,283
10,273
10,243
10,221
10,206
10,179
10,161
10,159
10,149
10,127
10,95
10,85
10,71
10,21
18,1
10,3
18,3
10,2
10,1
9,7
14,1
9,5
14,3
9,3
13,1
9,2
13,3
9,1
8,17
8,16
8,15
8,14
8,13
8,11
8,10
8,9
8,7
8,6
8,5
8,4
8,3
8,2
